0.01940320620.01931429280.01936945130.01939579660.01940649930.01940238290.01939497330.0193974450.01939662170.01939579660.01939826640.01939908970.01939662170.01940403130.01940567610.01939003540.01940073820.01940073820.01940073820.01912658290.01925007630.01933405180.0193628650.01939908970.01939991490.01939332860.01940485460.01939991490.01939497330.01944354740.0191562213
0.0192698352
0.0193307586
0.019385919
0.0194015596
0.0193892121
0.0194007382
0.0194089692
0.0193900354
0.0194032062
0.0193957966
0.0194073245
0.0194056761
0.0194073245
0.0194032062
0.0194073245
0.0194040313
0.019388387
0.0194040313
0.0194139089
0.0194007382
0.0193982664
0.0193982664
0.0194089692
0.0194032062
0.01939415
0.0194032062
0.0194007382
0.0194023829
0.0193966217
0.019397445
0.0194106158
0.0193957966
0.0194114409
0.0194073245
0.0194040313
0.0194106158
0.0194015596
0.0194048546
0.0194114409
0.0194097925
0.0193916801
0.0193990897
0.0194106158
0.0193916801
0.0194032062
0.0193999149
0.0194032062
0.0194172021
0.0194032062
0.0194073245
0.0193999149
0.0193990897
0.0193875637
0.0194032062
0.0194015596
0.0194015596
0.0194048546
0.0193892121
0.0194114409
0.0194155574
0.0194007382
0.0193900354
0.0194073245
0.0194073245
0.0194007382
0.0193933286
0.0193990897
0.0194056761
0.0194056761
0.0194122624
0.0194081478
0.0193908568
0.0193999149
0.0194007382
0.0194007382
0.019397445
0.0193966217
0.0193966217
0.0194122624
0.0194114409
0.019397445
0.0193990897
0.0194106158
0.0194097925
0.0194040313
0.0193966217
0.0194081478
0.0194172021
0.0194089692
0.0193982664
0.0193908568
0.0193867423
0.0193966217
0.0194032062
0.0194007382
0.0194032062
0.0194064993
0.0193957966
0.0193925053
0.0194172021
0.0194064993
0.0193999149
0.0194023829
0.0194064993
0.0193966217
0.0194064993
0.0194048546
0.0194040313
0.0193933286
0.0193933286
0.0194081478
0.0193949733
0.0194073245
0.0193966217
0.0194032062
0.0194106158
0.0194032062
0.0193999149
0.0194089692
0.0193966217
0.0194015596
0.0194089692
0.0193908568
0.0193999149
0.0193982664
0.0194081478
0.01939415
0.0194007382
0.0194073245
0.0194048546
0.0194064993
0.0193900354
0.0194007382
0.0194081478
0.0194015596
0.0194106158
0.0194073245
0.0194064993
0.0193966217
0.0193966217
0.0193990897
0.0194007382
0.0193966217
0.0194015596
0.0193966217
0.0194081478
0.0194032062
0.0193916801
0.0193957966
0.0193933286
0.019397445
0.0194106158
0.0194032062
0.0193999149
0.0193834472
0.0194007382
0.0193990897
0.0194007382
0.0194056761
0.0193949733
0.0194040313
0.0193966217
0.0194032062
0.0194040313
0.0194106158
0.0194040313
0.019397445
0.0193990897
0.0194032062
0.0194073245
0.0193999149
0.0194130857
0.0194023829
0.0194007382
0.0194032062
0.0194048546
0.0194064993
0.0194007382
0.0194015596
0.0193966217
0.019385919
0.0194073245
0.0193933286
0.0193999149
0.0194073245
0.0194081478
0.0194040313
0.0193966217
0.0193999149
0.0194073245
0.01939415
0.0193933286
0.0194064993
0.0194139089
0.0194048546
0.0193957966
0.0193999149
0.0194040313
0.0194180273
0.0194081478
0.0193949733
0.0194007382
0.0193900354
0.0194007382
0.0193990897
0.0193900354
0.0194007382
0.0194040313
0.0193949733
0.0193966217
0.0193908568
0.0193908568
0.0194007382
0.0194015596
0.0194081478
0.0194081478
0.0194032062
0.0193892121
0.0193908568
0.01939415
0.0193999149
0.0194056761
0.0194015596
0.0193949733
0.0194015596
0.0193916801
0.0194040313
0.0194056761
0.0194064993
0.0193892121
0.0194007382
0.0194073245
0.0193595719
0.0194040313
0.0194064993
0.0193908568
0.0193982664
0.0194032062
0.0193900354
0.0193982664
0.0194040313
0.0193925053
0.0193999149
0.0194032062
0.0194032062
0.0193966217
0.0194032062
0.0193900354
0.0193834472
0.0193966217
0.01939415
0.0193900354
0.0193957966
0.0193933286
0.019397445
0.0193957966
0.0194015596
0.0194040313
0.0194007382
0.0194007382
0.0193999149
0.019397445
0.0194089692
0.0193900354
0.019397445
0.0193925053
0.019397445
0.0193908568
0.0193867423
0.0193982664
0.0193982664
0.0193949733
0.0194007382
0.0194032062
0.0194040313
0.0193982664
0.0193999149
0.0193900354
0.0193933286
0.01939415
0.0193933286
0.019388387
0.0193892121
0.0194015596
0.0194056761
0.0193999149
0.0193900354
0.0194064993
0.0193966217
0.0193999149
0.0194023829
0.0193957966
0.0194081478
0.0194007382
0.0194040313
0.0194032062
0.0193990897
0.0193957966
0.0193900354
0.0194089692
0.0194007382
0.0194172021
0.0194015596
0.0194114409
0.0194007382
0.0194040313
0.0193867423
0.0193966217
0.0193809774
0.0193966217
0.0194106158
0.0193834472
0.0193933286
0.0194023829
0.0194048546
0.0194032062
0.0193966217
0.0194023829
0.0194007382
0.0193949733
0.0193892121
0.0193999149
0.0193966217
0.019397445
0.0193908568
0.0193933286
0.0194073245
0.0194007382
0.0193925053
0.0194007382
0.0194023829
0.0193999149
0.0194007382
0.0193990897
0.0194073245
0.0193966217
0.019388387
0.0193966217
0.0194040313
0.0194007382
0.0193900354
0.0193900354
0.0194032062
0.019397445
0.0193966217
0.0194056761
0.0193834472
0.0193949733
0.0194048546
0.0194032062
0.0194040313
0.019397445
0.0193966217
0.0193966217
0.0194056761
0.019397445
0.0193999149
0.0193999149
0.0193933286
0.0193875637
0.0193999149
0.0193982664
0.0193900354
0.019388387
0.01939415
0.0193933286
0.0194056761
0.0194032062
0.0193990897
0.0194007382
0.0193916801
0.019385919
0.0194007382
0.0193999149
0.01939415
0.0193834472
0.0193867423
0.01939415
0.0193916801
0.0194015596
0.0193908568
0.0193957966
0.019388387
0.0194032062
0.019388387
0.0193933286
0.019397445
0.0193966217
0.0194064993
0.01939415
0.0193990897
0.0194015596
0.0193957966
0.0193999149
0.0193949733
0.0193990897
0.0194023829
0.0193982664
0.019397445
0.0193933286
0.0193892121
0.0194015596
0.0193999149
0.0193982664
0.0194040313
0.0193990897
0.0193999149
0.0193850938
0.0193957966
0.0194040313
0.0194040313
0.0194007382
0.0193933286
0.0191768017
0.0192698352
0.0193439294
0.0193834472
0.0194081478
0.0193900354
0.019397445
0.0194015596
0.0193982664
0.0193966217
0.0193933286
0.0193809774
0.0193966217
0.0194073245
0.0194064993
0.0193949733
0.0193966217
0.0194064993
0.019397445
0.0193916801
0.0193982664
0.0193933286
0.0194048546
0.019397445
0.0193957966
0.0194048546
0.0193990897
0.0193990897
0.0193834472
0.0194040313
0.0193966217
0.0193900354
0.0193999149
0.0194056761
0.019397445
0.0193990897
0.0194032062
0.0194032062
0.019397445
0.0193949733
0.0193916801
0.0194048546
0.0193801541
0.0194032062
0.0194032062
0.019397445
0.0194007382
0.0193900354
0.0193966217
0.0193850938
0.0193999149
0.0193925053
0.0193966217
0.0193809774
0.0193752162
0.0193867423
0.0193925053
0.0194023829
0.019397445
0.0193850938
0.0194040313
0.0193916801
0.0193933286
0.0193826258
0.019397445
0.0193949733
0.0193867423
0.01939415
0.019397445
0.0193982664
0.0193999149
0.0193875637
0.019388387
0.0193957966
0.0194032062
0.0193966217
0.0193949733
0.01939415
0.0193916801
0.0193826258
0.0194073245
0.0193982664
0.0194023829
0.0193949733
0.0193999149
0.0193900354
0.0193957966
0.0194064993
0.0193850938
0.0193875637
0.0193990897
0.0193933286
0.0193867423
0.0193949733
0.0193900354
0.01939415
0.0193925053
0.0193933286
0.0193982664
0.0194015596
0.0193982664
0.0193933286
0.019385919
0.0193966217
0.01939415
0.0194040313
0.0193933286
0.0193892121
0.0193933286
0.0193982664
0.0194073245
0.0193999149
0.0193925053
0.0194064993
0.0194032062
0.0193982664
0.0194015596
0.0194048546
0.0193999149
0.0194023829
0.0193982664
0.0193957966
0.0194007382
0.0193957966
0.0193999149
0.0193900354
0.0194023829
0.0193892121
0.019397445
0.0194007382
0.0193850938
0.0193900354
0.0194040313
0.019397445
0.0193999149
0.0193949733
0.0194056761
0.0193834472
0.0194040313
0.0193957966
0.0193966217
0.0193834472
0.0194040313
0.0193966217
0.0193933286
0.0193925053
0.019397445
0.0193990897
0.0193900354
0.019397445
0.0193867423
0.0193916801
0.0193776842
0.0193999149
0.0193933286
0.0193908568
0.0193875637
0.0193982664
0.0193966217
0.0193875637
0.019397445
0.0193925053
0.0193949733
0.019388387
0.0193949733
0.0193957966
0.0193900354
0.0194015596
0.0194040313
0.0194007382
0.0193892121
0.0193933286
0.0193999149
0.0194023829
0.0194040313
0.0193809774
0.0193834472
0.0193916801
0.0193933286
0.0193875637
0.0193990897
0.0194056761
0.0193892121
0.0193966217
0.0193916801
0.0193966217
0.0193966217
0.0193925053
0.0194040313
0.0193933286
0.0193990897
0.0193809774
0.019397445
0.0194048546
0.0193875637
0.01939415
0.0193850938
0.0193908568
0.0194040313
0.0194048546
0.0194007382
0.0193982664
0.0193925053
0.0193793327
0.0194040313
0.0193949733
0.0193900354
0.0193999149
0.01939415
0.0194007382
0.0193900354
0.0193900354
0.019388387
0.0194015596
0.0193982664
0.0193900354
0.0194040313
0.0193916801
0.0193900354
0.0194015596
0.0194007382
0.01939415
0.0193925053
0.0193892121
0.0193957966
0.01939415
0.0194023829
0.0193957966
0.0194015596
0.0193925053
0.0193966217
0.0193966217
0.019397445
0.0193908568
0.0193990897
0.019385919
0.0193957966
0.0193900354
0.0193949733
0.0193908568
0.0194023829
0.0193982664
0.0193966217
0.0193908568
0.019385919
0.0193949733
0.0193875637
0.0193900354
0.0194007382
0.0193957966
0.0193900354
0.0193916801
0.0193900354
0.0194007382
0.0193916801
0.0193867423
0.0193900354
0.0193949733
0.0193990897
0.01939415
0.0193867423
0.0193966217
0.0193867423
0.019397445
0.0193957966
0.0193850938
0.0193949733
0.0194007382
0.0193999149
0.0193867423
0.01939415
0.0194007382
0.0193925053
0.0193908568
0.019388387
0.0193933286
0.019397445
0.0193925053
0.0193966217
0.0193908568
0.0193842705
0.0193916801
0.0194032062
0.0193949733
0.0193982664
0.0193850938
0.0194048546
0.0193999149
0.019388387
0.01939415
0.0193933286
0.01939415
0.0193818025
0.0194015596
0.0193949733
0.0193900354
0.0194040313
0.019385919
0.0193990897
0.019397445
0.0193916801
0.0193982664
0.0193818025
0.0193949733
0.0194007382
0.0193925053
0.0193966217
0.0193966217
0.0193957966
0.0193949733
0.0193957966
0.0193818025
0.01939415
0.0194032062
0.0193990897
0.0193966217
0.0193834472
0.0193966217
0.019397445
0.0193900354
0.0194007382
0.0193949733
0.019388387
0.0193875637
0.0194040313
0.0193900354
0.0193933286
0.0193900354
0.0193999149
0.0193933286
0.0193990897
0.0193999149
0.0194007382
0.0194040313
0.0193900354
0.0193949733
0.0193966217
0.0193982664
0.0194073245
0.019397445
0.0193966217
0.0193999149
0.01939415
0.0193933286
0.0193982664
0.0193900354
0.0193990897
0.0193999149
0.0193916801
0.0193776842
0.0193966217
0.0193966217
0.0193818025
0.0193933286
0.0193957966
0.0193999149
0.0193999149
0.0193990897
0.0194007382
0.0194040313
0.0193957966
0.0193892121
0.0193966217
0.0193949733
0.0193982664
0.0193892121
0.0193990897
0.019397445
0.0193999149
0.0193990897
0.0193999149
0.0193966217
0.0193900354
0.0194048546
0.0194007382
0.019397445
0.0194023829
0.0193892121
0.0193900354
0.01939415
0.0193966217
0.0193834472
0.0193900354
0.0193809774
0.0193925053
0.01939415
0.0193900354
0.0193760376
0.0194007382
0.0193949733
0.0193966217
0.0193925053
0.0193801541
0.0194048546
0.0193768609
0.0193949733
0.0193867423
0.0193982664
0.0193933286
0.01939415
0.0193900354
0.0194007382
0.0193999149
0.0194015596
0.0193966217
0.019385919
0.0193933286
0.0193908568
0.0193990897
0.01939415
0.0193776842
0.0193900354
0.0193933286
0.0193826258
0.019397445
0.0193990897
0.0193966217
0.0193933286
0.0193949733
0.0193999149
0.0193982664
0.0193966217
0.019397445
0.0193999149
0.0193933286
0.0193982664
0.0193842705
0.0194015596
0.0193957966
0.0193743929
0.0193768609
0.0193933286
0.01939415
0.0194040313
0.0194064993
0.0193999149
0.0193966217
0.0193925053
0.01939415
0.0193801541
0.0193826258
0.0193933286
0.0193892121
0.0194007382
0.0194023829
0.0193842705
0.019397445
0.0193900354
0.019397445
0.0194023829
0.0193966217
0.01939415
0.0194007382
0.0193966217
0.0193908568
0.0193990897
0.0193785094
0.01939415
0.0193990897
0.0193875637
0.0193892121
0.019397445
0.0193834472
0.0193867423
0.0193966217
0.0193900354
0.01939415
0.0193957966
0.0193916801
0.0194032062
0.0193925053
0.0193957966
0.0193768609
0.0193842705
0.0193949733
0.0193785094
0.0193982664
0.0193957966
0.0193966217
0.0193957966
0.0193957966
0.0193933286
0.0193900354
0.019397445
0.0193908568
0.0194056761
0.0193850938
0.0193999149
0.0193834472
0.0193933286
0.0193990897
0.0193949733
0.019388387
0.0193990897
0.0193933286
0.0193982664
0.0194048546
0.0193933286
0.0193925053
0.019397445
0.0193933286
0.019397445
0.0193900354
0.0193982664
0.0193916801
0.01939415
0.0194015596
0.0193867423
0.0193900354
0.0193966217
0.0193999149
0.0194106158
0.019397445
0.019397445
0.0194015596
0.0193892121
0.01939415
0.0193949733
0.0193949733
0.0193990897
0.019385919
0.0193908568
0.0193990897
0.0194040313
0.019397445
0.019397445
0.0193867423
0.0193966217
0.0193834472
0.0194007382
0.0193916801
0.0194007382
0.019388387
0.0193867423
0.0194007382
0.0193982664
0.0193916801
0.0193982664
0.0193949733
0.0193900354
0.0193834472
0.0193785094
0.0193957966
0.01939415
0.0194040313
0.0194007382
0.019397445
0.0193966217
0.0193949733
0.0193900354
0.0193892121
0.019397445
0.0193809774
0.019397445
0.0194048546
0.0194040313
0.0193850938
0.0193916801
0.0193834472
0.0193892121
0.0193957966
0.01939415
0.0193933286
0.0194015596
0.01939415
0.0193908568
0.019397445
0.0193785094
0.0193818025
0.019388387
0.0193908568
0.0193908568
0.0193925053
0.0193908568
0.0193834472
0.0193949733
0.0193867423
0.0193999149
0.0193892121
0.0193999149
0.0193966217
0.0193949733
0.0193850938
0.0193933286
0.01939415
0.0193875637
0.0193966217
0.0193957966
0.0193925053
0.0193949733
0.0193949733
0.0194032062
0.01939415
0.0194007382
0.0194040313
0.0193925053
0.0194040313
0.019397445
0.019397445
0.0193925053
0.0193966217
0.0193867423
0.0193982664
0.01939415
0.0193999149
0.0193949733
0.0193743929
0.0193900354
0.0194023829
0.019385919
0.0193966217
0.0194056761
0.019397445
0.0193834472
0.0193908568
0.0193900354
0.0193834472
0.0194007382
0.0194015596
0.0193801541
0.019397445
0.0193875637
0.0193949733
0.0194040313
0.0193966217
0.019388387
0.0194073245
0.0193982664
0.0192089118
0.0193184074
0.0193727445
0.0193990897
0.0193908568
0.019397445
0.0193834472
0.0193999149
0.0193949733
0.019397445
0.0193834472
0.0193900354
0.01939415
0.0193999149
0.0193925053
0.0194106158
0.0193933286
0.0193916801
0.0193949733
0.0194048546
0.0193925053
0.019388387
0.0193900354
0.0193966217
0.0193875637
0.0193900354
0.0194023829
0.0194040313
0.01939415
0.0193809774
0.0193957966
0.0194073245
0.0193793327
0.0193908568
0.0193999149
0.0193982664
0.0194007382
0.01939415
0.0193933286
0.0193933286
0.0193900354
0.0193933286
0.0193933286
0.0193982664
0.019397445
0.019397445
0.0193982664
0.0193990897
0.0194007382
0.0193925053
0.0193908568
0.01939415
0.0193933286
0.0193933286
0.0193982664
0.0193908568
0.0194040313
0.0193867423
0.0194032062
0.0193949733
0.0193900354
0.0194040313
0.019385919
0.0194040313
0.0193966217
0.0193892121
0.0193925053
0.0194007382
0.0193834472
0.0193834472
0.0193900354
0.0193768609
0.019385919
0.0193957966
0.019388387
0.0194040313
0.019385919
0.0193892121
0.0193925053
0.0194106158
0.0193966217
0.0193933286
0.0193949733
0.0193949733
0.0193999149
0.0194106158
0.0193957966
0.0193966217
0.0193957966
0.019397445
0.019362865
0.01939415
0.019397445
0.0194015596
0.019397445
0.0193900354
0.019388387
0.0193933286
0.0193875637
0.0193834472
0.0193933286
0.0193990897
0.01939415
0.0193982664
0.0193925053
0.0193916801
0.0193966217
0.0193925053
0.0193900354
0.0193834472
0.0193776842
0.0193990897
0.0193916801
0.0194048546
0.0193966217
0.0194007382
0.0194106158
0.0193999149
0.0193900354
0.0193982664
0.0194015596
0.0193933286
0.0193990897
0.0193892121
0.0193982664
0.01939415
0.0194007382
0.0194015596
0.0193850938
0.0193957966
0.0193908568
0.0193966217
0.019388387
0.0194032062
0.0193949733
0.0193966217
0.0194007382
0.0194015596
0.019388387
0.019388387
0.0193949733
0.0193966217
0.01939415
0.0193966217
0.019397445
0.0193908568
0.0193957966
0.01939415
0.0193933286
0.0194040313
0.0193982664
0.0193990897
0.0193999149
0.01939415
0.0194048546
0.019397445
0.0194064993
0.0194023829
0.0194032062
0.019397445
0.0193916801
0.0193990897
0.0193957966
0.019397445
0.0193990897
0.0193925053
0.0193842705
0.0193809774
0.0193925053
0.0194007382
0.0193966217
0.0193999149
0.0193933286
0.0193999149
0.0193999149
0.019385919
0.0193949733
0.0193966217
0.019397445
0.0193982664
0.0193908568
0.0194007382
0.0193999149
0.0193875637
0.0193925053
0.0193999149
0.0193925053
0.0193957966
0.0193925053
0.0193867423
0.0194007382
0.0193999149
0.01939415
0.0193925053
0.019388387
0.0193966217
0.0193949733
0.0193982664
0.0193916801
0.0194015596
0.0193982664
0.01939415
0.0194040313
0.0194040313
0.019385919
0.0193892121
0.0194007382
0.019397445
0.0193875637
0.0193966217
0.0193982664
0.0193925053
0.0193925053
0.019397445
0.0193990897
0.019385919
0.0194048546
0.0194073245
0.0193834472
0.0193850938
0.0193982664
0.019397445
0.0193925053
0.0193966217
0.0193982664
0.01939415
0.0193999149
0.0194032062
0.01939415
0.019388387
0.019385919
0.0193933286
0.0193966217
0.0193925053
0.0194007382
0.019397445
0.0193867423
0.0193999149
0.0194015596
0.0193834472
0.0193900354
0.019397445
0.0193875637
0.0193957966
0.019397445
0.0193867423
0.0194007382
0.01939415
0.0194015596
0.0194032062
0.019397445
0.019397445
0.0193842705
0.0194007382
0.0193999149
0.019397445
0.0193900354
0.0193842705
0.0193743929
0.0193834472
0.0194064993
0.0193850938
0.0193999149
0.019397445
0.0193892121
0.0194023829
0.0193925053
0.0194048546
0.0193999149
0.0193809774
0.01939415
0.0194040313
0.0194040313
0.0193916801
0.0194007382
0.0193776842
0.0193892121
0.0193933286
0.0193933286
0.0193957966
0.0193966217
0.0194048546
0.0193875637
0.019397445
0.0193966217
0.0193925053
0.019397445
0.019397445
0.0193957966
0.0194048546
0.0194007382
0.0193949733
0.0193892121
0.0193933286
0.0194040313
0.0194023829
0.0193957966
0.0193982664
0.0193990897
0.0193949733
0.0193966217
0.019397445
0.0193966217
0.0194040313
0.0193916801
0.0193999149
0.0194023829
0.0193900354
0.0194015596
0.0194064993
0.0193892121
0.019388387
0.0193966217
0.0194040313
0.0193933286
0.0193990897
0.0194032062
0.0194032062
0.019397445
0.0193892121
0.0193916801
0.0194040313
0.0194106158
0.0193875637
0.0194015596
0.0193949733
0.0193776842
0.0193949733
0.0193900354
0.0194007382
0.0193949733
0.0194007382
0.01939415
0.0193900354
0.0193925053
0.0193999149
0.0194015596
0.0193867423
0.0194032062
0.0193957966
0.0193966217
0.0194032062
0.0194064993
0.0193916801
0.019385919
0.0193908568
0.0193834472
0.0193908568
0.0193999149
0.0194040313
0.019397445
0.0193900354
0.0193925053
0.0194040313
0.0193900354
0.0193900354
0.0193900354
0.0193867423
0.0193908568
0.0194023829
0.019397445
0.019388387
0.0193834472
0.0193900354
0.0193925053
0.0193801541
0.0194007382
0.0193925053
0.0193818025
0.019388387
0.0193908568
0.0194015596
0.0193957966
0.019397445
0.0193892121
0.0194073245
0.0194040313
0.0194040313
0.0193900354
0.0193957966
0.0193933286
0.0193908568
0.0193957966
0.0193801541
0.0193925053
0.0193925053
0.0193999149
0.0193949733
0.0193966217
0.019397445
0.0193957966
0.0194007382
0.0193826258
0.019397445
0.0193933286
0.019397445
0.0194073245
0.019385919
0.0193990897
0.0193990897
0.0193966217
0.0193982664
0.0193933286
0.0193925053
0.019388387
0.0194015596
0.019388387
0.0193925053
0.01939415
0.01939415
0.0194040313
0.019385919
0.0193752162
0.0193982664
0.01939415
0.019388387
0.019397445
0.0193908568
0.0194040313
0.019388387
0.0193933286
0.0194040313
0.0193785094
0.0193957966
0.01939415
0.0193957966
0.0193957966
0.0193949733
0.0193966217
0.019385919
0.0193949733
0.0193900354
0.0193892121
0.0194032062
0.019397445
0.0193900354
0.0193957966
0.0194048546
0.0194097925
0.0193966217
0.0193834472
0.0193908568
0.0193925053
0.0193982664
0.0193801541
0.0193949733
0.0193842705
0.0194015596
0.0193966217
0.0193925053
0.0193916801
0.0194015596
0.0193916801
0.0194040313
0.0193867423
0.0194040313
0.019388387
0.0193933286
0.01939415
0.0194040313
0.0194106158
0.0194064993
0.0193966217
0.0193867423
0.0193966217
0.0194032062
0.0193957966
0.019388387
0.0193957966
0.0193431079
0.0193826258
0.01939415
0.0193933286
0.0193966217
0.0194007382
0.0194015596
0.0193999149
0.019397445
0.0194237884
0.0193966217
0.0193809774
0.0194015596
0.0193900354
0.01939415
0.01939415
0.0193925053
0.0194015596
0.0193900354
0.019388387
0.0193990897
0.0194007382
0.0194040313
0.0193908568
0.0193957966
0.0193982664
0.0193900354
0.0193990897
0.0193875637
0.0193900354
0.0193916801
0.019388387
0.0193949733
0.01939415
0.0193933286
0.0193982664
0.0194040313
0.0194007382
0.0194040313
0.0193982664
0.0193999149
0.0193925053
0.0193916801
0.019397445
0.019397445
0.0193966217
0.019385919
0.019397445
0.0193966217
0.0193966217
0.0193933286
0.0193916801
0.0193900354
0.0193966217
0.0193949733
0.0194023829
0.0193933286
0.0193949733
0.0193900354
0.0194007382
0.019397445
0.0194007382
0.0194056761
0.01939415
0.0194015596
0.0193966217
0.0193916801
0.0193900354
0.019397445
0.0194015596
0.0193966217
0.0193933286
0.01939415
0.0193999149
0.0193850938
0.0194007382
0.0193933286
0.0193925053
0.0193999149
0.0193916801
0.0194040313
0.0193908568
0.0193999149
0.0193809774
0.0193933286
0.0193900354
0.0193867423
0.0193801541
0.0194040313
0.0193933286
0.0194007382
0.0193768609
0.0194040313
0.0193875637
0.0193982664
0.0194106158
0.0194007382
0.0193966217
0.0193900354
0.0193949733
0.0194048546
0.019397445
0.0193826258
0.019385919
0.0193949733
0.01939415
0.019397445
0.019397445
0.0194040313
0.0193949733
0.019397445
0.0194007382
0.0193966217
0.0193785094
0.0193957966
0.019397445
0.0193916801
0.0193982664
0.0193933286
0.0193957966
0.0193966217
0.0193957966
0.0194032062
0.0193900354
0.0194048546
0.0193999149
0.01939415
0.019397445
0.0193999149
0.0194064993
0.01939415
0.0194040313
0.0193702746
0.0193999149
0.0193999149
0.0193999149
0.0193957966
0.0193900354
0.0193957966
0.0193900354
0.0194056761
0.0193809774
0.0193957966
0.01939415
0.0193966217
0.0193908568
0.0193916801
0.0194139089
0.0193933286
0.0193925053
0.0193990897
0.0194056761
0.0194040313
0.0194007382
0.0193933286
0.0193900354
0.0194040313
0.0193966217
0.0193908568
0.0193966217
0.0194040313
0.0193925053
0.019388387
0.0193842705
0.0194023829
0.0193990897
0.0193900354
0.0194023829
0.0193867423
0.0193818025
0.0193892121
0.0194040313
0.0193892121
0.0193949733
0.019397445
0.019397445
0.01939415
0.0193801541
0.0193818025
0.0193933286
0.0193990897
0.0194032062
0.0193925053
0.0193933286
0.0193850938
0.0193999149
0.0194032062
0.0193990897
0.019397445
0.0194015596
0.0193966217
0.0193933286
0.0193933286
0.0194007382
0.0193809774
0.0193925053
0.0193966217
0.0193925053
0.0193990897
0.0193949733
0.0193916801
0.0193826258
0.0193916801
0.0193990897
0.0193990897
0.0193925053
0.0193892121
0.0193933286
0.0193949733
0.0193957966
0.0194032062
0.0194122624
0.0193990897
0.0193933286
0.0193990897
0.0194007382
0.019397445
0.0193957966
0.0194040313
0.0193990897
0.0193933286
0.0193916801
0.019385919
0.0193900354
0.0194015596
0.0193834472
0.0193933286
0.0193818025
0.0193933286
0.0193892121
0.0194023829
0.01939415
0.0193892121
0.01939415
0.0193776842
0.0193892121
0.019388387
0.019397445
0.0193925053
0.0193892121
0.0193957966
0.0194007382
0.0193925053
0.019388387
0.0193966217
0.0193933286
0.019397445
0.0193982664
0.0193982664
0.0193900354
0.0193982664
0.0193999149
0.0193768609
0.0194040313
0.0193867423
0.0193999149
0.0193916801
0.0194106158
0.019397445
0.019397445
0.0193900354
0.0193982664
0.01939415
0.019397445
0.019388387
0.0193875637
0.01939415
0.0193900354
0.0193925053
0.0193949733
0.0193966217
0.0193925053
0.0193916801
0.0194007382
0.019397445
0.0194007382
0.0193966217
0.019397445
0.019397445
0.0194040313
0.0193990897
0.0193999149
0.0194007382
0.0193982664
0.0193842705
0.0194015596
0.0193999149
0.0194007382
0.0194015596
0.0193949733
0.0193949733
0.0194015596
0.0193933286
0.0194081478
0.0193900354
0.0193982664
0.0193966217
0.0193999149
0.01939415
0.0194007382
0.0193925053
0.0193834472
0.0193999149
0.0194015596
0.0194032062
0.0193966217
0.0194007382
0.0193957966
0.0194106158
0.01939415
0.01939415
0.0194040313
0.0193875637
0.0194040313
0.0193999149
0.0194007382
0.0193949733
0.0193307586
0.0193916801
0.0193933286
0.0193966217
0.0193916801
0.0194007382
0.0193916801
0.0194007382
0.0193933286
0.0194040313
0.019397445
0.019397445
0.0193957966
0.0193957966
0.0194064993
0.0193900354
0.019397445
0.0194023829
0.01939415
0.0193908568
0.0193933286
0.019385919
0.0193966217
0.0194032062
0.0194040313
0.019397445
0.0193925053
0.0194040313
0.0194007382
0.0193966217
0.0193908568
0.019397445
0.0193966217
0.0194073245
0.0193957966
0.01939415
0.0193982664
0.0193957966
0.0194106158
0.0193999149
0.0193966217
0.0194048546
0.01939415
0.0194048546
0.0193908568
0.0194007382
0.0193908568
0.0193990897
0.0193949733
0.0194040313
0.0193966217
0.01939415
0.0193949733
0.0194007382
0.0193949733
0.01939415
0.0193957966
0.0193949733
0.0193949733
0.0193933286
0.0193949733
0.0193925053
0.019397445
0.0193982664
0.0194015596
0.0194023829
0.019397445
0.0193834472
0.0193900354
0.0193999149
0.0194015596
0.0193908568
0.0193933286
0.0193957966
0.019388387
0.0194015596
0.0193957966
0.0193999149
0.01939415
0.0193990897
0.0193990897
0.0194015596
0.0194007382
0.0193925053
0.0193892121
0.01939415
0.01939415
0.0193982664
0.019397445
0.0194015596
0.0193957966
0.0193999149
0.0194015596
0.0193900354
0.0194073245
0.0193867423
0.0193900354
0.0194015596
0.0193999149
0.0193900354
0.0193957966
0.0193892121
0.0193949733
0.0193834472
0.0193867423
0.0193818025
0.0193966217
0.0193925053
0.0193900354
0.0193957966
0.0193850938
0.0193892121
0.019397445
0.0194023829
0.0194032062
0.0194064993
0.0193933286
0.0194106158
0.0193999149
0.0193949733
0.0193785094
0.019397445
0.019397445
0.0193900354
0.0193999149
0.0193966217
0.0193949733
0.0194015596
0.0193892121
0.0193818025
0.0193957966
0.0193900354
0.0193957966
0.0193982664
0.0193933286
0.0193842705
0.0193949733
0.0194007382
0.01939415
0.0193990897
0.0193900354
0.019397445
0.01939415
0.0194056761
0.0193966217
0.01939415
0.019385919
0.0193933286
0.019388387
0.019397445
0.019397445
0.0193933286
0.0194056761
0.0193900354
0.0193900354
0.01939415
0.0193908568
0.0193925053
0.0193949733
0.0193966217
0.0193900354
0.0193999149
0.0193875637
0.01939415
0.0193900354
0.0193966217
0.01939415
0.0193949733
0.019397445
0.0193908568
0.0193990897
0.0193957966
0.0193990897
0.0193966217
0.0193933286
0.0193900354
0.0193957966
0.0193982664
0.0193900354
0.0193990897
0.0194015596
0.0193999149
0.0193892121
0.0193752162
0.019397445
0.0193966217
0.0194040313
0.019388387
0.0194048546
0.0193925053
0.0193957966
0.0193982664
0.01939415
0.0193867423
0.0193900354
0.0193949733
0.0193957966
0.01939415
0.0194023829
0.0193875637
0.0193982664
0.0193850938
0.0193801541
0.0193908568
0.0193933286
0.0193990897
0.0193900354
0.0193875637
0.0193933286
0.0193908568
0.0193867423
0.0193925053
0.0193875637
0.0193867423
0.0193900354
0.0193925053
0.0193916801
0.0193982664
0.0194048546
0.0193900354
0.0193875637
0.019388387
0.0193933286
0.0193867423
0.0193900354
0.0193957966
0.0193818025
0.019397445
0.019388387
0.0193933286
0.0194048546
0.01939415
0.0193908568
0.019385919
0.0193834472
0.0193892121
0.01939415
0.0193990897
0.0193925053
0.0194040313
0.0194023829
0.01939415
0.0193826258
0.01939415
0.0193957966
0.0193900354
0.0193925053
0.01939415
0.0193957966
0.01939415
0.0193949733
0.0193982664
0.0193933286
0.0193900354
0.019397445
0.0193867423
0.0194015596
0.0194007382
0.0193966217
0.0193908568
0.0194015596
0.0193933286
0.01939415
0.0194056761
0.0194023829
0.0193957966
0.0194023829
0.0193999149
0.019397445
0.0194032062
0.019397445
0.019397445
0.0194007382
0.0193834472
0.019385919
0.0193892121
0.0193834472
0.019388387
0.0194023829
0.0193957966
0.01939415
0.0194023829
0.0193990897
0.0193966217
0.0194015596
0.0194032062
0.0193966217
0.0193957966
0.0193966217
0.0193834472
0.0193999149
0.019397445
0.0193900354
0.0194032062
0.0193957966
0.01939415
0.019385919
0.0193850938
0.0193957966
0.0193966217
0.0193834472
0.0193933286
0.0193966217
0.0193949733
0.0193801541
0.0193949733
0.0194007382
0.0193982664
0.0193875637
0.0193957966
0.0194040313
0.0193875637
0.0194023829
0.0193908568
0.0193925053
0.0193949733
0.0194040313
0.0193949733
0.0193966217
0.0193908568
0.0194007382
0.0193900354
0.019397445
0.0194040313
0.01939415
0.0193982664
0.0193900354
0.019388387
0.0193925053
0.01939415
0.0193908568
0.0193957966
0.0193925053
0.0193949733
0.0193999149
0.0193826258
0.019385919
0.0193850938
0.01939415
0.0193850938
0.0194007382
0.0193925053
0.0193925053
0.0193875637
0.0193908568
0.019397445
0.0194056761
0.0194007382
0.0193867423
0.0193966217
0.0193735678
0.0194015596
0.0194015596
0.0193957966
0.019385919
0.0194023829
0.0193850938
0.0193966217
0.019397445
0.0194032062
0.0194040313
0.0194007382
0.0193826258
0.0193966217
0.01939415
0.0193793327
0.019397445
0.0193933286
0.0193933286
0.0193916801
0.0193966217
0.0193900354
0.0193957966
0.0193990897
0.0193908568
0.0194106158
0.019385919
0.0194007382
0.0193752162
0.0193966217
0.0193949733
0.0194106158
0.0194007382
0.0193949733
0.019397445
0.0193957966
0.0193908568
0.0193892121
0.0193933286
0.019397445
0.0193999149
0.0193900354
0.0193900354
0.0194048546
0.0193916801
0.0194007382
0.0193875637
0.0193916801
0.019385919
0.0193982664
0.0193966217
0.0194007382
0.0193949733
0.0193982664
0.019385919
0.0193966217
0.0193982664
0.0194015596
0.0193990897
0.019397445
0.0193966217
0.0193966217
0.0193801541
0.0194032062
0.0193900354
0.0193966217
0.0193966217
0.01939415
0.0194023829
0.019388387
0.0193933286
0.0193925053
0.0193949733
0.0194032062
0.0193908568
0.0193990897
0.0193957966
0.0194007382
0.0193966217
0.0193925053
0.0194040313
0.0193957966
0.0193966217
0.0193933286
0.0194081478
0.0194040313
0.019397445
0.019397445
0.0193990897
0.019388387
0.0193966217
0.0193999149
0.0194048546
0.0193785094
0.0193900354
0.0193768609
0.0194040313
0.0193990897
0.0193908568
0.0194007382
0.0193966217
0.0193957966
0.0194064993
0.0193908568
0.0194032062
0.019397445
0.0194032062
0.0194032062
0.0194081478
0.0194023829
0.0193999149
0.019397445
0.0193966217
0.0194032062
0.0193966217
0.0194056761
0.0193900354
0.0194040313
0.019397445
0.0194122624
0.0194073245
0.0193966217
0.0194032062
0.0194064993
0.019397445
0.0194048546
0.0194007382
0.0193727445
0.0193966217
0.0193949733
0.0193949733
0.01939415
0.0194015596
0.0194032062
0.0193768609
0.019397445
0.019397445
0.0193702746
0.0193957966
0.0193900354
0.0194015596
0.0194040313
0.0193900354
0.0193982664
0.0193818025
0.019397445
0.0193990897
0.0193982664
0.0193999149
0.019388387
0.0193999149
0.0193966217
0.0194023829
0.0194007382
0.0193949733
0.0193933286
0.0194032062
0.0194007382
0.0193990897
0.0194007382
0.0194023829
0.0193957966
0.0193933286
0.0193966217
0.0193990897
0.0193957966
0.0193793327
0.0194048546
0.0193966217
0.0193900354
0.0193925053
0.0194040313
0.0193900354
0.0193982664
0.0193966217
0.0193990897
0.0194106158
0.0193834472
0.0194089692
0.0193966217
0.0194015596
0.019397445
0.0194032062
0.0194048546
0.0194106158
0.019397445
0.0194007382
0.0194023829
0.0193834472
0.0193892121
0.0194064993
0.0193966217
0.0193900354
0.0194015596
0.0193949733
0.019397445
0.0193966217
0.0194139089
0.0193834472
0.0194106158
0.0194040313
0.0194081478
0.0194064993
0.0194040313
0.01939415
0.0194040313
0.0193867423
0.0193990897
0.0193933286
0.0194106158
0.0193925053
0.0193760376
0.0193982664
0.0194073245
0.0194007382
0.0194106158
0.0193966217
0.0194015596
0.0193990897
0.0193990897
0.0194032062
0.0194023829
0.0193982664
0.0194122624
0.0194032062
0.0193966217
0.0194073245
0.0193892121
0.0194048546
0.0193957966
0.0193933286
0.0194040313
0.0194064993
0.0194040313
0.0194064993
0.0193999149
0.0193982664
0.0193966217
0.0194015596
0.0194032062
0.0193752162
0.0194007382
0.0194056761
0.0193925053
0.0194064993
0.0193908568
0.0194015596
0.0194032062
0.0194023829
0.0193957966
0.0193925053
0.0193949733
0.0194007382
0.0194048546
0.0194064993
0.0194007382
0.0193966217
0.0194056761
0.0193933286
0.0193916801
0.0193933286
0.0193875637
0.0194023829
0.0193900354
0.0193966217
0.0194015596
0.0194032062
0.0193966217
0.0193957966
0.0193933286
0.0194048546
0.0194073245
0.0193925053
0.0194007382
0.0193982664
0.01939415
0.0194007382
0.0194081478
0.0193801541
0.0194007382
0.0193966217
0.0194056761
0.0194073245
0.0194023829
0.01939415
0.0194040313
0.0193982664
0.0193809774
0.019397445
0.0193949733
0.0193990897
0.0193867423
0.0193916801
0.0194040313
0.0193999149
0.0193925053
0.0193842705
0.0194106158
0.0193908568
0.0193925053
0.0193982664
0.0193966217
0.0193982664
0.0193999149
0.0193966217
0.0194064993
0.0194015596
0.0193760376
0.0193686299
0.0193900354
0.0193966217
0.0194056761
0.0193925053
0.0194048546
0.0193966217
0.0193925053
0.0193957966
0.0194040313
0.0194023829
0.0194007382
0.0194081478
0.0193900354
0.019397445
0.0194032062
0.0193949733
0.0194064993
0.0193966217
0.0193908568
0.0194032062
0.0193966217
0.0194106158
0.0194023829
0.0194032062
0.0194015596
0.0193826258
0.0193834472
0.0193966217
0.0193990897
0.0193999149
0.0193933286
0.0193982664
0.0193957966
0.0194040313
0.019397445
0.0193999149
0.0193990897
0.0193957966
0.0194040313
0.0194007382
0.019397445
0.0193966217
0.019397445
0.0193982664
0.0193900354
0.0194032062
0.0193999149
0.0193834472
0.0193900354
0.0193776842
0.0193842705
0.0193957966
0.0194040313
0.0194040313
0.0193908568
0.0193999149
0.0194040313
0.0193892121
0.019388387
0.0193982664
0.0193916801
0.0193999149
0.0193850938
0.0193966217
0.019388387
0.0193933286
0.0193999149
0.0194032062
0.0193933286
0.01939415
0.0194040313
0.0194007382
0.0193966217
0.0194032062
0.0193999149
0.0193933286
0.0193949733
0.0194015596
0.019397445
0.0194048546
0.0193957966
0.0193933286
0.01939415
0.0193933286
0.0193933286
0.0193925053
0.0193949733
0.0194048546
0.0194007382
0.0193892121
0.0193949733
0.0193966217
0.0193957966
0.0193957966
0.019397445
0.0193957966
0.0193933286
0.019397445
0.0193990897
0.0193999149
0.0194007382
0.0193966217
0.019397445
0.0193925053
0.0193966217
0.019388387
0.0193982664
0.0193916801
0.0193900354
0.0193925053
0.0193999149
0.0193900354
0.0194048546
0.0193933286
0.019397445
0.0194155574
0.0193801541
0.0193925053
0.01939415
0.0193801541
0.0194040313
0.0193892121
0.0194048546
0.019388387
0.0194040313
0.0193925053
0.019397445
0.0193933286
0.0194040313
0.0193999149
0.0194040313
0.0193875637
0.0194023829
0.0193925053
0.0193949733
0.0193892121
0.019397445
0.0193966217
0.0193776842
0.019397445
0.0193982664
0.0193999149
0.0193933286
0.0193867423
0.0193933286
0.01939415
0.019385919
0.01939415
0.0193949733
0.019388387
0.0194007382
0.0193949733
0.0193990897
0.0193966217
0.019397445
0.0193990897
0.0193801541
0.01939415
0.01939415
0.0193850938
0.019397445
0.0193966217
0.019397445
0.0193867423
0.0194032062
0.0193867423
0.0193982664
0.0193966217
0.0194040313
0.0194106158
0.0193925053
0.0193966217
0.019397445
0.01939415
0.0193966217
0.0193999149
0.0193834472
0.0193834472
0.0193933286
0.0193785094
0.0193900354
0.0193982664
0.0193933286
0.0193743929
0.01939415
0.019397445
0.0193908568
0.0194048546
0.019397445
0.0193990897
0.0194056761
0.0193892121
0.0194015596
0.0193966217
0.0193999149
0.019397445
0.0193925053
0.0193957966
0.01939415
0.0194015596
0.0193933286
0.01939415
0.0193990897
0.0193933286
0.0194040313
0.01939415
0.0193933286
0.0193966217
0.0193875637
0.0194007382
0.0193916801
0.0193933286
0.0193966217
0.0193982664
0.0193818025
0.01939415
0.0193933286
0.0193999149
0.0193908568
0.0193949733
0.019385919
0.0193834472
0.019397445
0.0193875637
0.0193892121
0.0193957966
0.0193982664
0.0193834472
0.0193933286
0.0193908568
0.0193900354
0.0193900354
0.0193850938
0.0193999149
0.0194007382
0.0193966217
0.019397445
0.0193925053
0.0193957966
0.0193908568
0.0193801541
0.0193867423
0.0193949733
0.0194048546
0.0194032062
0.0193966217
0.0193735678
0.019388387
0.0193933286
0.0193982664
0.019397445
0.0194032062
0.0193916801
0.019397445
0.019397445
0.0193949733
0.0193999149
0.0193925053
0.0193842705
0.019385919
0.0193867423
0.0193999149
0.019397445
0.0193933286
0.0194073245
0.0194015596
0.0193999149
0.019397445
0.0194023829
0.0194064993
0.0193957966
0.0193900354
0.0193982664
0.0194015596
0.01939415
0.0193982664
0.019397445
0.019385919
0.0193908568
0.0193925053
0.0193966217
0.0193966217
0.0193933286
0.0193957966
0.0193933286
0.0194007382
0.0193834472
0.019397445
0.0193916801
0.0194073245
0.0194040313
0.0193966217
0.0193834472
0.0193933286
0.0193916801
0.0193916801
0.0193916801
0.0193875637
0.0192525461
0.0193480458
0.019385919
0.019397445
0.0193850938
0.0193966217
0.019397445
0.0193982664
0.0194032062
0.0193957966
0.0193999149
0.0193933286
0.0193982664
0.0194106158
0.0193933286
0.0193999149
0.0193990897
0.0193966217
0.019397445
0.019397445
0.0193933286
0.019388387
0.0193966217
0.0193957966
0.0194015596
0.0194023829
0.019397445
0.019388387
0.0193925053
0.0193949733
0.0193867423
0.0194040313
0.0193900354
0.0193999149
0.0193949733
0.0194040313
0.0193966217
0.0193957966
0.0193908568
0.0193990897
0.0194007382
0.0193834472
0.0194015596
0.0194015596
0.0193925053
0.0193925053
0.0193982664
0.0193999149
0.0194023829
0.0194040313
0.0193957966
0.0193875637
0.0193982664
0.0193949733
0.0193916801
0.0193916801
0.0193949733
0.0194040313
0.0194032062
0.0193916801
0.019397445
0.0193966217
0.0193908568
0.0193850938
0.0194056761
0.0193949733
0.0193867423
0.0193990897
0.0193900354
0.0193908568
0.0194007382
0.0193867423
0.0193916801
0.0194015596
0.0193916801
0.0193933286
0.0193834472
0.0193949733
0.0193982664
0.01939415
0.0194064993
0.0193966217
0.0193999149
0.0194015596
0.0193982664
0.019397445
0.0193990897
0.01939415
0.0193999149
0.01939415
0.0194007382
0.0193949733
0.0193982664
0.019397445
0.0194073245
0.019397445
0.0193818025
0.0193966217
0.0193925053
0.0194007382
0.0194032062
0.0193925053
0.0193809774
0.0193982664
0.0193867423
0.0194015596
0.019388387
0.0193933286
0.0193925053
0.019397445
0.0193933286
0.01939415
0.0193867423
0.0193957966
0.0193925053
0.0193949733
0.0193834472
0.0194056761
0.0194007382
0.0193982664
0.0193966217
0.0193900354
0.019397445
0.0193949733
0.0193916801
0.0193875637
0.01939415
0.0193999149
0.01939415
0.0193949733
0.019397445
0.0194015596
0.0194015596
0.0193933286
0.0194048546
0.01939415
0.0194032062
0.0193957966
0.0193916801
0.0193900354
0.0194007382
0.0194015596
0.0193892121
0.01939415
0.0194056761
0.0193966217
0.0194040313
0.0193966217
0.0193957966
0.0193925053
0.0193900354
0.0193925053
0.0193933286
0.0194015596
0.0194048546
0.0193949733
0.0193875637
0.0193801541
0.0194064993
0.019388387
0.0193990897
0.0194048546
0.0193900354
0.0193892121
0.0194032062
0.0193834472
0.0193966217
0.0193900354
0.0193842705
0.0193966217
0.0193908568
0.0194040313
0.0193949733
0.0193957966
0.0194040313
0.0193966217
0.0194023829
0.0193999149
0.0193990897
0.0193999149
0.0194023829
0.0194048546
0.019397445
0.0193809774
0.0193999149
0.0193957966
0.0193990897
0.0193957966
0.0194073245
0.0193892121
0.0193966217
